011110010000111100
100001011011010110
100110100011100110
001100110110001011
010000011001011111
011011011101000100
000011110111100001
101001011101010001
110001011000011101
010111000101110001
100010011111100100
111101000100010110
101111110000101000
000101110001100111
111001111011000000
111000110101001100
100000000111111110
101110110011000001
011011101000001101
101010000101111010
000100010111011101
000111110010110100
001010101010011110
101001100010011011
000010100111110011
111000000011100111
001111111000000011
000110010000111111
011100100101010101
001100011111011000
110000111110000011
110100110011100010
111110000011001001
000001111010001111
