01110110010001010101
11110110101000011000
00001011111100101100
01101001111010001010
00100100111101101001
10010011100100110110
10011100000101011110
01100000001110111110
10111100001100100101
00011110111000100011
01110101000011110010
00101111100011110000
10010000110011110011
11001001010011110100
11000111001001110001
10100011010110001101
10110011001000001111
00001110001101001111
10101111100110000010
00101010011001010111
10101100011101100100
00000110100100111111
11100011011100100001
01100110001101100011
11111101110000000010
10110100011000111010
10101111000001110100
10000011110001111100
11000100011111110000
01001110101011100100
10111100111000101000
00001111100000111011
11100000011100010111
11110001000010100111
10001010001011011101
11101110001100000011
00111110010100011100
11101000101101011000
00000010110111011011
01001011000011101011
00111111110000010100
11110000000001111110
00110001011100101110
11010010011110000011
00000001111111110001
01000010111101000111
01111000111000001110
01000111111101100000
01101111000001000111
10000000001011111111
11111000011110100000
00011010111011011000
01110101110011100000
11001111100010101000
00101001000111110110
11010101000010011011
11011000000111110001
10101010101010101001
00001110011111000011
01000010101111110010
11011001111110000000
11111010000000111001
01111101001001100001
10010101111100001001
11100011010001101100
11000001101010110101
00011011010001011110
10011100101010001011
00111000110011111000
00110111011110010000
11111000001011000110
