x + 18
[1, 0, 9, 30, 7, 11, 4, 0]
[1, 0, 3, 21, 25, 26, 16, 0]
[1, 0, 13, 21, 15, 6, 16, 0]
[1, 0, 13, 6, 15, 21, 16, 0]
[1, 0, 29, 15, 17, 16, 4, 0]
[1, 0, 1, 18, 21, 21, 10, 0]
[1, 0, 19, 15, 27, 6, 4, 0]
[1, 0, 11, 18, 11, 1, 10, 0]
[1, 0, 17, 27, 23, 16, 28, 0]
[1, 0, 5, 24, 29, 1, 22, 0]
[1, 0, 7, 27, 3, 6, 28, 0]
[1, 0, 21, 18, 1, 11, 10, 0]
[1, 0, 9, 15, 7, 26, 4, 0]
[1, 0, 29, 30, 17, 1, 4, 0]
[1, 0, 15, 9, 19, 26, 22, 0]
[1, 0, 7, 12, 3, 21, 28, 0]
[1, 0, 11, 3, 11, 16, 10, 0]
[1, 0, 27, 12, 13, 11, 28, 0]
[1, 0, 21, 3, 1, 26, 10, 0]
[1, 0, 23, 6, 5, 1, 16, 0]
[1, 0, 19, 30, 27, 21, 4, 0]
[1, 0, 27, 27, 13, 26, 28, 0]
[1, 0, 15, 24, 19, 11, 22, 0]
[1, 0, 17, 12, 23, 1, 28, 0]
[1, 0, 23, 21, 5, 16, 16, 0]
[1, 0, 3, 6, 25, 11, 16, 0]
[1, 0, 25, 9, 9, 6, 22, 0]
[1, 0, 1, 3, 21, 6, 10, 0]
[1, 0, 5, 9, 29, 16, 22, 0]
[1, 0, 25, 24, 9, 21, 22, 0]
